0.0,0.0
0.016678,0.0
0.033356,0.0
0.050035,0.0
0.066713,0.0
0.083391,0.0
0.100069,0.0
0.116748,0.0
0.133426,0.0
0.150104,0.0
0.166782,0.0
0.183461,0.0
0.200139,0.0
0.216817,0.0
0.233495,0.0
0.250174,0.0
0.266852,0.0
0.28353,0.0
0.300208,0.0
0.316887,0.0
0.333565,0.0
0.350243,0.0
0.366921,0.0
0.3836,0.0
0.400278,0.0
0.416956,0.0
0.433634,0.0
0.450313,0.0
0.466991,0.0
0.483669,0.0
0.500347,0.0
0.517026,0.0
0.533704,0.0
0.550382,0.0
0.56706,0.0
0.583739,0.0
0.600417,0.0
0.617095,0.0
0.633773,0.0
0.650452,0.0
0.66713,0.0
0.683808,0.0
0.700486,0.0
0.717165,0.0
0.733843,0.0
0.750521,0.0
0.767199,0.0
0.783878,0.0
0.800556,0.0
0.817234,0.0
0.833912,0.0
0.850591,0.0
0.867269,0.0
0.883947,0.0
0.900625,0.0
0.917304,0.0
0.933982,0.0
0.95066,0.0
0.967338,0.0
0.984017,0.0
1.000695,0.0
1.017373,0.0
1.034051,0.0
1.05073,0.0
1.067408,0.0
1.084086,0.0
1.100764,0.0
1.117443,0.0
1.134121,0.0
1.150799,0.0
1.167477,0.0
1.184156,0.0
1.200834,0.0
1.217512,0.0
1.23419,0.0
1.250869,0.0
1.267547,0.0
1.284225,0.0
1.300903,0.0
1.317582,0.0
1.33426,0.0
1.350938,0.0
1.367616,0.0
1.384295,0.0
1.400973,0.0
1.417651,0.0
1.434329,0.0
1.451008,0.0
1.467686,0.0
1.484364,0.0
1.501042,0.0
1.517721,0.0
1.534399,0.0
1.551077,0.0
1.567755,0.0
1.584434,0.0
1.601112,0.0
1.61779,0.0
1.634468,0.0
1.651147,0.0
1.667825,0.0
1.684503,0.0
1.701181,0.0
1.71786,0.0
1.734538,0.0
1.751216,0.0
1.767894,0.0
1.784573,0.0
1.801251,0.0
1.817929,0.0
1.834607,0.0
1.851286,0.0
1.867964,0.0
1.884642,0.0
1.90132,0.0
1.917999,0.0
1.934677,0.0
1.951355,0.0
1.968033,0.0
1.984712,0.0
2.00139,0.0
2.018068,0.0
2.034746,0.0
2.051425,0.0
2.068103,0.0
2.084781,0.0
2.101459,0.0
2.118138,0.0
2.134816,0.0
2.151494,0.0
2.168172,0.0
2.184851,0.0
2.201529,0.0
2.218207,0.0
2.234885,0.0
2.251564,0.0
2.268242,0.0
2.28492,0.0
2.301598,0.0
2.318277,0.0
2.334955,0.0
2.351633,0.0
2.368311,0.0
2.38499,0.0
2.401668,0.0
2.418346,0.0
2.435024,0.0
2.451703,0.0
2.468381,0.0
2.485059,0.0
2.501737,0.0
2.518416,0.0
2.535094,0.0
2.551772,0.0
2.56845,0.0
2.585129,0.0
2.601807,0.0
2.618485,0.0
2.635163,0.0
2.651842,0.0
2.66852,0.0
2.685198,0.0
2.701876,0.0
2.718555,0.0
2.735233,0.0
2.751911,0.0
2.768589,0.0
2.785268,0.0
2.801946,0.0
2.818624,0.0
2.835302,0.0
2.851981,0.0
2.868659,0.0
2.885337,0.0
2.902015,0.0
2.918694,0.0
2.935372,0.0
2.95205,0.0
2.968728,0.0
2.985407,0.0
3.002085,0.0
3.018763,0.0
3.035441,0.0
3.05212,0.0
3.068798,0.0
3.085476,0.0
3.102154,0.0
3.118833,0.0
3.135511,0.0
3.152189,0.0
3.168867,0.0
3.185546,0.0
3.202224,0.0
3.218902,0.0
3.23558,0.0
3.252259,0.0
3.268937,0.0
3.285615,0.0
3.302293,0.0
3.318972,0.0
3.33565,0.0
3.352328,0.0
3.369006,0.0
3.385685,0.0
3.402363,0.0
3.419041,0.0
3.435719,0.0
3.452397,0.0
3.469076,0.0
3.485754,0.0
3.502432,0.0
3.51911,0.0
3.535789,0.0
3.552467,0.0
3.569145,0.0
3.585823,0.0
3.602502,0.0
3.61918,0.0
3.635858,0.0
3.652536,0.0
3.669215,0.0
3.685893,0.0
3.702571,0.0
3.719249,0.0
3.735928,0.0
3.752606,0.0
3.769284,0.0
3.785962,0.0
3.802641,0.0
3.819319,0.0
3.835997,0.0
3.852675,0.0
3.869354,0.0
3.886032,0.0
3.90271,0.0
3.919388,0.0
3.936067,0.0
3.952745,0.0
3.969423,0.0
3.986101,0.0
4.00278,0.0
4.019458,0.0
4.036136,0.0
4.052814,0.0
4.069493,0.0
4.086171,0.0
4.102849,0.0
4.119527,0.0
4.136206,0.0
4.152884,0.0
4.169562,0.0
4.18624,0.0
4.202919,0.0
4.219597,0.0
4.236275,0.0
4.252953,0.0
4.269632,0.0
4.28631,0.0
4.302988,0.0
4.319666,0.0
4.336345,0.0
4.353023,0.0
4.369701,0.0
4.386379,0.0
4.403058,0.0
4.419736,0.0
4.436414,0.0
4.453092,0.0
4.469771,0.0
4.486449,0.0
4.503127,0.0
4.519805,0.0
4.536484,0.0
4.553162,0.0
4.56984,0.0
4.586518,0.0
4.603197,0.0
4.619875,0.0
4.636553,0.0
4.653231,0.0
4.66991,0.0
4.686588,0.0
4.703266,0.0
4.719944,0.0
4.736623,0.0
4.753301,0.0
4.769979,0.0
4.786657,0.0
4.803336,0.0
4.820014,0.0
4.836692,0.0
4.85337,0.0
4.870049,0.0
4.886727,0.0
4.903405,0.0
4.920083,0.0
4.936762,0.0
4.95344,0.0
4.970118,0.0
4.986796,0.0
5.003475,0.0
5.020153,0.0
5.036831,0.0
5.053509,0.0
5.070188,0.0
5.086866,0.0
5.103544,0.0
5.120222,0.0
5.136901,0.0
5.153579,0.0
5.170257,0.0
5.186935,0.0
5.203614,0.0
5.220292,0.0
5.23697,0.0
5.253648,0.0
5.270327,0.0
5.287005,0.0
5.303683,0.0
5.320361,0.0
5.33704,0.0
5.353718,0.0
5.370396,0.0
5.387074,0.0
5.403753,0.0
5.420431,0.0
5.437109,0.0
5.453787,0.0
5.470466,0.0
5.487144,0.0
5.503822,0.0
5.5205,0.0
5.537179,0.0
5.553857,0.0
5.570535,0.0
5.587213,0.0
5.603892,0.0
5.62057,0.0
5.637248,0.0
5.653926,0.0
5.670605,0.0
5.687283,0.0
5.703961,0.0
5.720639,0.0
5.737318,0.0
5.753996,0.0
5.770674,0.0
5.787352,0.0
5.804031,0.0
5.820709,0.0
5.837387,0.0
5.854065,0.0
5.870744,0.0
5.887422,0.0
5.9041,0.0
5.920778,0.0
5.937457,0.0
5.954135,0.0
5.970813,0.0
5.987491,0.0
6.00417,0.0
6.020848,0.0
6.037526,0.0
6.054204,0.0
6.070883,0.0
6.087561,0.0
6.104239,0.0
6.120917,0.0
6.137596,0.0
6.154274,0.0
6.170952,0.0
6.18763,0.0
6.204309,0.0
6.220987,0.00028873575
6.237665,0.0
6.254343,0.00028873575
6.271022,0.00028873575
6.2877,0.00028873575
6.304378,0.00028873575
6.321056,0.00028873575
6.337735,0.00028873575
6.354413,0.00028873575
6.371091,0.00028873575
6.387769,0.00028873575
6.404448,0.0005774715
6.421126,0.0005774715
6.437804,0.0005774715
6.454482,0.0005774715
6.471161,0.0005774715
6.487839,0.0008662072499999999
6.504517,0.0008662072499999999
6.521195,0.001154943
6.537874,0.001154943
6.554552,0.001154943
6.57123,0.001154943
6.587908,0.001154943
6.604587,0.0015014259
6.621265,0.0015014259
6.637943,0.0015014259
6.654621,0.00179016165
6.6713,0.00179016165
6.687978,0.00179016165
6.704656,0.0020788974
6.721334,0.0020788974
6.738013,0.0020788974
6.754691,0.00236763315
6.771369,0.0026563689
6.788047,0.0026563689
6.804726,0.0026563689
6.821404,0.0029451046499999996
6.838082,0.0029451046499999996
6.85476,0.0032338404
6.871438,0.0032338404
6.888117,0.0035803233
6.904795,0.0035803233
6.921473,0.00386905905
6.938151,0.0041577948
6.95483,0.0041577948
6.971508,0.004446530549999999
6.988186,0.004446530549999999
7.004864,0.0047352663
7.021543,0.0050240020499999994
7.038221,0.0050240020499999994
7.054899,0.0053127378
7.071577,0.0056592207
7.088256,0.005947956449999999
7.104934,0.0062366921999999995
7.121612,0.0062366921999999995
7.13829,0.00652542795
7.154969,0.0068141637
7.171647,0.007102899449999999
7.188325,0.0073916352
7.205003,0.0073916352
7.221682,0.0077381181
7.23836,0.00802685385
7.255038,0.0083155896
7.271716,0.008604325349999999
7.288395,0.008604325349999999
7.305073,0.008893061099999999
7.321751,0.00918179685
7.338429,0.0098170155
7.355108,0.01010575125
7.371786,0.010394486999999999
7.388464,0.010683222749999999
7.405142,0.0109719585
7.421821,0.01154943
7.438499,0.011895912899999998
7.455177,0.01218464865
7.471855,0.012473384399999999
7.488534,0.0130508559
7.505212,0.0130508559
7.52189,0.0136283274
7.538568,0.01426354605
7.555247,0.014552281799999999
7.571925,0.01484101755
7.588603,0.0151297533
7.605281,0.0151297533
7.62196,0.01541848905
7.638638,0.0157072248
7.655316,0.016342443449999997
7.671994,0.0166311792
7.688673,0.017208650699999998
7.705351,0.01749738645
7.722029,0.017786122199999997
7.738707,0.0181326051
7.755386,0.0187100766
7.772064,0.0187100766
7.788742,0.01899881235
7.80542,0.01899881235
7.822099,0.01899881235
7.838777,0.01899881235
7.855455,0.0192875481
7.872133,0.01957628385
7.888812,0.0198650196
7.90549,0.0198650196
7.922168,0.020500238249999997
7.938846,0.020788973999999998
7.955525,0.02165518125
7.972203,0.021943917
7.988881,0.021943917
8.005559,0.0222903999
8.022238,0.02257913565
8.038916,0.023734078649999997
8.055594,0.024946768799999998
8.072272,0.0255242403
8.088951,0.0264481947
8.105629,0.027314401949999997
8.122307,0.0276031377
8.138985,0.028180609199999998
8.155664,0.02939329935
8.172342,0.0302595066
8.18902,0.031183461
8.205698,0.0332623584
8.222377,0.034417301399999996
8.239055,0.034417301399999996
8.255733,0.033551094149999995
8.272411,0.03412856565
8.28909,0.0374201532
8.305768,0.035918727299999995
8.322446,0.0379976247
8.339124,0.040365257849999996
8.355803,0.04244415525
8.372481,0.0442343169
8.389159,0.041577947999999997
8.405837,0.04279063815
8.422516,0.047525904449999996
8.439194,0.046948432949999994
8.455872,0.04723716869999999
8.47255,0.05052875625
8.489229,0.04925831895
8.505907,0.04787238735
8.522585,0.0460822257
8.539263,0.05052875625
8.555942,0.04966254899999999
8.57262,0.05376259665
8.589298,0.05439781529999999
8.605976,0.05353160805
8.622655,0.0511639749
8.639333,0.05203018215
8.656011,0.05237666505
8.672689,0.05474429819999999
8.689368,0.054975286799999995
8.706046,0.057689402849999995
8.722724,0.0598260474
8.739402,0.060923243249999995
8.756081,0.05976830024999999
8.772759,0.06311763495
8.789437,0.06744867119999999
8.806115,0.06935432715
8.822794,0.07027828155
8.839472,0.07293465044999999
8.85615,0.0743783292
8.872828,0.07547552504999999
8.889507,0.07697695095
8.906185,0.07836288255
8.922863,0.07940233125
8.939541,0.0804995271
8.95622,0.08176996439999999
8.972898,0.08286716025
8.989576,0.08471506905
9.006254,0.08563902345
9.022933,0.08650523069999999
9.039611,0.0874291851
9.056289,0.08650523069999999
9.072967,0.08650523069999999
9.089646,0.09095176125
9.106324,0.0921644514
9.123002,0.09152923275
9.13968,0.0921644514
9.156359,0.0927419229
9.173037,0.09424334879999999
9.189715,0.090085554
9.206393,0.09597576329999999
9.223072,0.09661098195
9.23975,0.09868987935
9.256428,0.09568702755
9.273106,0.0933193944
9.289785,0.09632224619999999
9.306463,0.0974771892
9.323141,0.0974771892
9.339819,0.10192371974999999
9.356498,0.10013355809999999
9.373176,0.09926735085
9.389854,0.10076877675
9.406532,0.0974771892
9.423211,0.09632224619999999
9.439889,0.09453208454999999
9.456567,0.1031364099
9.473245,0.11197172385
9.489924,0.11081678084999999
9.506602,0.11168298809999999
9.52328,0.11676473729999998
9.539958,0.11849715179999999
9.556637,0.11884363469999998
9.573315,0.11555204714999999
9.589993,0.11970984194999999
9.606671,0.12294368235
9.62335,0.12502257975
9.640028,0.1256577984
9.656706,0.12444510824999998
9.673384,0.12502257975
9.690063,0.1256577984
9.706741,0.12802543154999999
9.723419,0.13010432895
9.740097,0.12975784605
9.756776,0.12860290305
9.773454,0.1273902129
9.790132,0.1262352699
9.80681,0.1288916388
9.823489,0.13021982324999998
9.840167,0.1361677797
9.856845,0.1357058025
9.873523,0.13766920559999998
9.890202,0.1424044719
9.90688,0.1462157838
9.923558,0.1471397382
9.940236,0.14679325529999998
9.956915,0.1450608408
9.973593,0.1471397382
9.990271,0.14442562215
10.006949,0.1471397382
10.023628,0.1450608408
10.040306,0.15302994749999999
10.056984,0.15227923455
10.073662,0.1577652138
10.090341,0.16013284695
10.107019,0.1603060884
10.123697,0.15528208635
10.140375,0.1571877423
10.157054,0.16059482415
10.173732,0.1603060884
10.19041,0.16353992879999998
10.207088,0.1630779516
10.223767,0.16221174435
10.240445,0.16105680135
10.257123,0.16590756195
10.273801,0.17098931115
10.290479,0.17306820855
10.307158,0.1691991495
10.323836,0.169776621
10.340514,0.17526260025
10.357192,0.17572457745
10.373871,0.1739344158
10.390549,0.16533009045
10.407227,0.17508935879999998
10.423905,0.1718555184
10.440584,0.16429064175
10.457262,0.1728949671
10.47394,0.1712780469
10.490618,0.17214425414999998
10.507297,0.17988237225
10.523975,0.176706279
10.540653,0.17866968209999998
10.557331,0.181326051
10.57401,0.18588807584999997
10.590688,0.1922980095
10.607366,0.19732201154999998
10.624044,0.19351069964999998
10.640723,0.1909120779
10.657401,0.19270223955
10.674079,0.19824596595
10.690757,0.20690803845
10.707436,0.20748550994999998
10.724114,0.21014187884999996
10.740792,0.21014187884999996
10.75747,0.21077709749999998
10.774149,0.21164330474999998
10.790827,0.2092756716
10.807505,0.2051178768
10.824183,0.20956440734999998
10.840862,0.21487714515
10.85754,0.2193236757
10.874218,0.21816873269999998
10.890896,0.21522362804999998
10.907575,0.21759126119999997
10.924253,0.21816873269999998
10.940931,0.22169130885
10.957609,0.2214025731
10.974288,0.22203779175
10.990966,0.21903493995
11.007644,0.22111383735
11.024322,0.22319273475
11.041001,0.2255603679
11.057679,0.22850547254999998
11.074357,0.23000689845
11.091035,0.23208579585
11.107714,0.23352947459999995
11.124392,0.23352947459999995
11.14107,0.23266326734999998
11.157748,0.23624359065
11.174427,0.23682106214999998
11.191105,0.2382647409
11.207783,0.23832248804999998
11.224461,0.23797600515
11.24114,0.23947743105
11.257818,0.23560837199999998
11.274496,0.24184506419999996
11.291174,0.2424225357
11.307853,0.23352947459999995
11.324531,0.24571412324999997
11.341209,0.24686906625000002
11.357887,0.24629159474999998
11.374566,0.2430000072
11.391244,0.247157802
11.407922,0.24686906625000002
11.4246,0.247157802
11.441279,0.24600285899999996
11.457957,0.24923669939999998
11.474635,0.24837049214999998
11.491313,0.24923669939999998
11.507992,0.2302956342
11.52467,0.2327210145
11.541348,0.23324073884999996
11.558026,0.2445014331
11.574705,0.2255603679
11.591383,0.21608983529999998
11.608061,0.1935684468
11.624739,0.21222077625
11.641418,0.22735052954999999
11.658096,0.23150832435000002
11.674774,0.22711954094999998
11.691452,0.2350309005
11.708131,0.2276392653
11.724809,0.2291406912
11.741487,0.22942942695
11.758165,0.22584910365
11.774844,0.2234814705
11.791522,0.222903999
11.8082,0.2302956342
11.824878,0.24421269734999998
11.841557,0.2533944942
11.858235,0.2537409771
11.874913,0.25016065379999997
11.891591,0.2531635056
11.90827,0.25784102475
11.924948,0.25934245064999994
11.941626,0.26142134805
11.958304,0.26142134805
11.974983,0.257552289
11.991661,0.25518465584999994
12.008339,0.2545494372
12.025017,0.257552289
12.041696,0.25726355325
12.058374,0.25576212735
12.075052,0.2592847035
12.09173,0.2596311864
12.108409,0.25726355325
12.125087,0.26165233665
12.141765,0.2602086579
12.158443,0.26407771695
12.175122,0.26465518845
12.1918,0.2664453501
12.208478,0.26557914285
12.225156,0.26702282159999996
12.241835,0.26199881955
12.258513,0.25991992215
12.275191,0.2658678786
12.291869,0.26350024544999995
12.308548,0.2617100838
12.325226,0.26142134805
12.341904,0.26350024544999995
12.358582,0.26407771695
12.375261,0.2658678786
12.391939,0.26731155734999995
12.408617,0.27031440915
12.425295,0.27533841119999997
12.441974,0.27297077805000003
12.458652,0.26673408584999997
12.47533,0.2596311864
12.492008,0.25610861025
12.508687,0.25195081545000003
12.525365,0.244847916
12.542043,0.24663807764999998
12.558721,0.24398170874999997
12.5754,0.2516620797
12.592078,0.2531635056
12.608756,0.24513665175
12.625434,0.25726355325
12.642113,0.2554733916
12.658791,0.25195081545000003
12.675469,0.25079587245
12.692147,0.25016065379999997
12.708826,0.25991992215
12.725504,0.26673408584999997
12.742182,0.25991992215
12.75886,0.25229729835
12.775539,0.24427044450000002
12.792217,0.24132533985000001
12.808895,0.23924644244999999
12.825573,0.24571412324999997
12.842252,0.25195081545000003
12.85893,0.24040138545
12.875608,0.24929444655
12.892286,0.2406901212
12.908965,0.2336449689
12.925643,0.24571412324999997
12.942321,0.25847624339999997
12.958999,0.25726355325
12.975678,0.26142134805
12.992356,0.2706031449
13.009034,0.27089188064999997
13.025712,0.26523265995
13.042391,0.2664453501
13.059069,0.2676002931
13.075747,0.2744144568
13.092425,0.2738369853
13.109104,0.27204682365
13.125782,0.2732595138
13.14246,0.27735956144999996
13.159138,0.27412572105
13.175817,0.2706031449
13.192495,0.26823551175
13.209173,0.26557914285
13.225851,0.26378898119999994
13.24253,0.26794677599999994
13.259208,0.26615661435
13.275886,0.2685242475
13.292564,0.26881298325
13.309243,0.26673408584999997
13.325921,0.26702282159999996
13.342599,0.2643664527
13.359277,0.26321150969999996
13.375956,0.26702282159999996
13.392634,0.26794677599999994
13.409312,0.2605551408
13.42599,0.257552289
13.442669,0.2554733916
13.459347,0.25252828695
13.476025,0.24987191804999997
13.492703,0.25402971285
13.509382,0.25905371489999995
13.52606,0.25991992215
13.542738,0.25905371489999995
13.559416,0.25726355325
13.576095,0.25847624339999997
13.592773,0.26142134805
13.609451,0.26199881955
13.626129,0.26350024544999995
13.642808,0.26615661435
13.659486,0.26084387655
13.676164,0.24132533985000001
13.692842,0.25252828695
13.709521,0.2649439242
13.726199,0.26673408584999997
13.742877,0.25876497914999996
13.759555,0.2241744363
13.776233,0.23214354299999995
13.792912,0.20020936905
13.80959,0.1978417359
13.826268,0.24663807764999998
13.842946,0.25102686105
13.859625,0.25160433255
13.876303,0.2528170227
13.892981,0.25137334395
13.909659,0.2490057108
13.926338,0.2480817564
13.943016,0.247157802
13.959694,0.24305775434999996
13.976372,0.2410366041
13.993051,0.2401126497
14.009729,0.24040138545
14.026407,0.23774501655
14.043085,0.2368788093
14.059764,0.23630133779999996
14.076442,0.2359548549
14.09312,0.23214354299999995
14.109798,0.23035338134999997
14.126477,0.22654206945
14.143155,0.22561811504999998
14.159833,0.22296174615
14.176511,0.2065038084
14.19319,0.18894867479999997
14.209868,0.1735879329
14.226546,0.15285670604999999
14.243224,0.13368465224999998
14.259903,0.13605228539999997
14.276581,0.12392538389999999
14.293259,0.10585052595
14.309937,0.09730394775
14.326616,0.09412785449999998
14.343294,0.0926264286
14.359972,0.09256868145
14.37665,0.0960912576
14.393329,0.10203921405
14.410007,0.10983507929999999
14.426685,0.13437761804999998
14.443363,0.14650451955
14.460042,0.16400190599999998
14.47672,0.1989966789
14.493398,0.20286573794999999
14.510076,0.20315447369999998
14.526755,0.2037319452
14.543433,0.20165304779999998
14.560111,0.2004981048
14.576789,0.20078684054999998
14.593468,0.20020936905
14.610146,0.20020936905
14.626824,0.19928541465
14.643502,0.19928541465
14.660181,0.20020936905
14.676859,0.1999206333
14.693537,0.19928541465
14.710215,0.19518536699999997
14.726894,0.1735879329
14.743572,0.1830584655
14.76025,0.18865993904999998
14.776928,0.1830584655
14.793607,0.183635937
14.810285,0.18450214424999997
14.826963,0.18276972975
14.843641,0.1804020966
14.86032,0.17711050905
14.876998,0.17301046139999998
14.893676,0.17179777125
14.910354,0.16971887385
14.927033,0.16706250494999997
14.943711,0.16648503345
14.960389,0.16146103139999998
14.977067,0.15349192469999998
14.993746,0.14962286565
15.010424,0.13068180045
15.027102,0.12184648649999999
15.04378,0.12155775075
15.060459,0.11087452799999999
15.077137,0.0922799457
15.093815,0.08252067735
15.110493,0.09580252185
15.127172,0.11532105855
15.14385,0.12802543154999999
15.160528,0.12744796004999998
15.177206,0.13160575484999998
15.193885,0.13189449059999997
15.210563,0.1434439206
15.227241,0.14638902525
15.243919,0.1519904988
15.260598,0.15020033715
15.277276,0.146677761
15.293954,0.1440213921
15.310632,0.14107628745
15.327311,0.1387086543
15.343989,0.13634102115000002
15.360667,0.13426212375
15.377345,0.13160575484999998
15.394024,0.13102828335
15.410702,0.1298155932
15.42738,0.1277366958
15.444058,0.1256577984
15.460737,0.12421411964999998
15.477415,0.12271269374999999
15.494093,0.121269015
15.510771,0.11947885335
15.52745,0.11768869169999999
15.544128,0.11589853005
15.560806,0.11428160985
15.577484,0.11416611555
15.594163,0.11208721815
15.610841,0.109719585
15.627519,0.1076406876
15.644197,0.10585052595
15.660876,0.10377162855
15.677554,0.10377162855
15.694232,0.10261668554999999
15.71091,0.1014039954
15.727589,0.10053778815
15.744267,0.09967158089999999
15.760945,0.09845889075
15.777623,0.09701521199999999
15.794302,0.09580252185
15.81098,0.09435884309999999
15.827658,0.09372362445
15.844336,0.0926264286
15.861015,0.09199120995
15.877693,0.08991231255
15.894371,0.08898835814999999
15.911049,0.08852638095
15.927728,0.08783341515
15.944406,0.086620725
15.961084,0.08546578199999999
15.977762,0.08425309185
15.994441,0.08280941309999999
16.011119,0.08101925145
16.027797,0.08044177995
16.044475,0.07951782554999999
16.061154,0.0786516183
16.077832,0.0774966753
16.09451,0.07628398515
16.111188,0.0754177779
16.127867,0.0748403064
16.144545,0.07362761624999999
16.161223,0.072761409
16.177901,0.07212619035000001
16.19458,0.07154871885
16.211258,0.0706825116
16.227936,0.06946982145
16.244614,0.06773740695
16.261293,0.0665247168
16.277971,0.06565850955
16.294649,0.06415708365
16.311327,0.0636373593
16.328006,0.06300214065
16.344684,0.0617894505
16.361362,0.0604035189
16.37804,0.05976830024999999
16.394719,0.05942181734999999
16.411397,0.05884434584999999
16.428075,0.0579781386
16.444753,0.0574006671
16.461432,0.0562457241
16.47811,0.0558992412
16.494788,0.054975286799999995
16.511466,0.05468655105
16.528145,0.054455562449999995
16.544823,0.0535893552
16.561501,0.05295413655
16.578179,0.05203018215
16.594858,0.0515104578
16.611536,0.0509329863
16.628214,0.050009031899999994
16.644892,0.049720296149999996
16.661571,0.0490850775
16.678249,0.048507605999999995
16.694927,0.04821887025
16.711605,0.04758365159999999
16.728284,0.047006180099999996
16.744962,0.04619772
16.76164,0.04556250135
16.778318,0.04498502985
16.794997,0.04406107545
16.811675,0.04348360395
16.828353,0.042559649549999995
16.845031,0.0414624537
16.86171,0.040538499299999996
16.878388,0.03996102779999999
16.895066,0.039037073400000004
16.911744,0.03817086615
16.928423,0.0375356475
16.945101,0.03666944025
16.961779,0.035803233
16.978457,0.035225761499999994
16.995136,0.03435955424999999
17.011814,0.033724335599999995
17.028492,0.032858128349999995
17.04517,0.0319919211
17.061849,0.0310679667
17.078527,0.0304904952
17.095205,0.029624287949999998
17.111883,0.029277805049999998
17.128562,0.028411597799999997
17.14524,0.027834126299999998
17.161918,0.027198907649999996
17.178596,0.02662143615
17.195274,0.02604396465
17.211953,0.02546649315
17.228631,0.025177757399999997
17.245309,0.02454253875
17.261987,0.023965067249999996
17.278666,0.02338759575
17.295344,0.02309886
17.312022,0.0221749056
17.3287,0.0215974341
17.345379,0.021019962599999997
17.362057,0.02073122685
17.378735,0.020442491099999998
17.395413,0.01980727245
17.412092,0.019518536700000002
17.42877,0.01922980095
17.445448,0.01865232945
17.462126,0.0183635937
17.478805,0.01772837505
17.495483,0.017439639299999997
17.512161,0.01715090355
17.528839,0.016573432049999996
17.545518,0.0162846963
17.562196,0.0157072248
17.578874,0.0153607419
17.595552,0.01507200615
17.612231,0.01449453465
17.628909,0.014205798899999999
17.645587,0.0136283274
17.662265,0.01333959165
17.678944,0.01299310875
17.695622,0.012704373
17.7123,0.012415637249999998
17.728978,0.011838165749999999
17.745657,0.01154943
17.762335,0.01126069425
17.779013,0.0109719585
17.795691,0.0106254756
17.81237,0.010336739849999999
17.829048,0.010048004099999999
17.845726,0.009759268350000001
17.862404,0.0094705326
17.879083,0.00918179685
17.895761,0.008893061099999999
17.912439,0.008604325349999999
17.929117,0.0083155896
17.945796,0.0079691067
17.962474,0.00768037095
17.979152,0.0073916352
17.99583,0.0068141637
18.012509,0.00652542795
18.029187,0.0062366921999999995
18.045865,0.005890209299999999
18.062543,0.00560147355
18.079222,0.00560147355
18.0959,0.0053127378
18.112578,0.0050240020499999994
18.129256,0.0047352663
18.145935,0.0047352663
18.162613,0.004446530549999999
18.179291,0.0041577948
18.195969,0.0041577948
18.212648,0.0041577948
18.229326,0.00386905905
18.246004,0.0035225761499999998
18.262682,0.0035225761499999998
18.279361,0.0032338404
18.296039,0.0032338404
18.312717,0.0029451046499999996
18.329395,0.0029451046499999996
18.346074,0.0029451046499999996
18.362752,0.0026563689
18.37943,0.0026563689
18.396108,0.0026563689
18.412787,0.00236763315
18.429465,0.0020788974
18.446143,0.0020788974
18.462821,0.0020788974
18.4795,0.0020788974
18.496178,0.00179016165
18.512856,0.00179016165
18.529534,0.00179016165
18.546213,0.00179016165
18.562891,0.0015014259
18.579569,0.0015014259
18.596247,0.0015014259
18.612926,0.0015014259
18.629604,0.0015014259
18.646282,0.0
18.66296,0.0
18.679639,0.0
18.696317,0.0
18.712995,0.001154943
18.729673,0.001154943
18.746352,0.001154943
18.76303,0.001154943
18.779708,0.0008662072499999999
18.796386,0.0008662072499999999
18.813065,0.0005774715
18.829743,0.0005774715
18.846421,0.0005774715
18.863099,0.0005774715
18.879778,0.0005774715
18.896456,0.0005774715
18.913134,0.0005774715
18.929812,0.0005774715
18.946491,0.00028873575
18.963169,0.0005774715
18.979847,0.00028873575
18.996525,0.00028873575
19.013204,0.00028873575
19.029882,0.00028873575
19.04656,0.00028873575
19.063238,0.00028873575
19.079917,0.00028873575
19.096595,0.00028873575
19.113273,0.00028873575
19.129951,0.00028873575
19.14663,0.00028873575
19.163308,0.00028873575
19.179986,0.00028873575
19.196664,0.0
19.213343,0.0
19.230021,0.0
19.246699,0.0
19.263377,0.0
19.280056,0.0
19.296734,0.0
19.313412,0.0
19.33009,0.0
19.346769,0.0
19.363447,0.0
19.380125,0.0
19.396803,0.0
19.413482,0.0
19.43016,0.0
19.446838,0.0
19.463516,0.0
19.480195,0.0
19.496873,0.0
19.513551,0.0
19.530229,0.0
19.546908,0.0
19.563586,0.0
19.580264,0.0
19.596942,0.0
19.613621,0.0
19.630299,0.0
19.646977,0.0
19.663655,0.0
19.680334,0.0
19.697012,0.0
19.71369,0.0
19.730368,0.0
19.747047,0.0
19.763725,0.0
19.780403,0.0
19.797081,0.0
19.81376,0.0
19.830438,0.0
19.847116,0.0
19.863794,0.0
19.880473,0.0
19.897151,0.0
19.913829,0.0
19.930507,0.0
19.947186,0.0
19.963864,0.0
19.980542,0.0
19.99722,0.0
20.013899,0.0
20.030577,0.0
20.047255,0.0
20.063933,0.0
20.080612,0.0
20.09729,0.0
20.113968,0.0
20.130646,0.0
20.147325,0.0
20.164003,0.0
20.180681,0.0
20.197359,0.0
20.214038,0.0
20.230716,0.0
20.247394,0.0
20.264072,0.0
20.280751,0.0
20.297429,0.0
20.314107,0.0
20.330785,0.0
20.347464,0.0
20.364142,0.0
20.38082,0.0
20.397498,0.0
20.414177,0.0
20.430855,0.0
20.447533,0.0
20.464211,0.0
20.48089,0.0
20.497568,0.0
20.514246,0.0
20.530924,0.0
20.547603,0.0
20.564281,0.0
20.580959,0.0
20.597637,0.0
20.614315,0.0
20.630994,0.0
20.647672,0.0
20.66435,0.0
20.681028,0.0
20.697707,0.0
20.714385,0.0
20.731063,0.0
20.747741,0.0
20.76442,0.0
20.781098,0.0
20.797776,0.0
20.814454,0.0
20.831133,0.0
20.847811,0.0
20.864489,0.0
20.881167,0.0
20.897846,0.0
20.914524,0.0
20.931202,0.0
20.94788,0.0
20.964559,0.0
20.981237,0.0
20.997915,0.0
21.014593,0.0
21.031272,0.0
21.04795,0.0
21.064628,0.0
21.081306,0.0
21.097985,0.0
21.114663,0.0
21.131341,0.0
21.148019,0.0
21.164698,0.0
21.181376,0.0
21.198054,0.0
21.214732,0.0
21.231411,0.0
21.248089,0.0
21.264767,0.0
21.281445,0.0
21.298124,0.0
21.314802,0.0
21.33148,0.0
21.348158,0.0
21.364837,0.0
21.381515,0.0
21.398193,0.0
21.414871,0.0
21.43155,0.0
21.448228,0.0
21.464906,0.0
21.481584,0.0
21.498263,0.0
21.514941,0.0
21.531619,0.0
21.548297,0.0
21.564976,0.0
21.581654,0.0
21.598332,0.0
21.61501,0.0
21.631689,0.0
21.648367,0.0
21.665045,0.0
21.681723,0.0
21.698402,0.0
21.71508,0.0
21.731758,0.0
21.748436,0.0
21.765115,0.0
21.781793,0.0
21.798471,0.0
21.815149,0.0
21.831828,0.0
21.848506,0.0
21.865184,0.0
21.881862,0.0
21.898541,0.0
21.915219,0.0
21.931897,0.0
21.948575,0.0
21.965254,0.0
21.981932,0.0
21.99861,0.0
22.015288,0.0
22.031967,0.0
22.048645,0.0
22.065323,0.0
22.082001,0.0
22.09868,0.0
22.115358,0.0
22.132036,0.0
22.148714,0.0
22.165393,0.0
22.182071,0.0
22.198749,0.0
22.215427,0.0
22.232106,0.0
22.248784,0.0
22.265462,0.0
22.28214,0.0
22.298819,0.0
22.315497,0.0
22.332175,0.0
22.348853,0.0
22.365532,0.0
22.38221,0.0
22.398888,0.0
22.415566,0.0
22.432245,0.0
22.448923,0.0
22.465601,0.0
22.482279,0.0
22.498958,0.0
22.515636,0.0
22.532314,0.0
22.548992,0.0
22.565671,0.0
22.582349,0.0
22.599027,0.0
22.615705,0.0
22.632384,0.0
22.649062,0.0
22.66574,0.0
22.682418,0.0
22.699097,0.0
22.715775,0.0
22.732453,0.0
22.749131,0.0
22.76581,0.0
22.782488,0.0
22.799166,0.0
22.815844,0.0
22.832523,0.0
22.849201,0.0
22.865879,0.0
22.882557,0.0
22.899236,0.0
22.915914,0.0
22.932592,0.0
22.94927,0.0
22.965949,0.0
22.982627,0.0
22.999305,0.0
23.015983,0.0
23.032662,0.0
23.04934,0.0
23.066018,0.0
23.082696,0.0
23.099375,0.0
23.116053,0.0
23.132731,0.0
23.149409,0.0
23.166088,0.0
23.182766,0.0
23.199444,0.0
23.216122,0.0
23.232801,0.0
23.249479,0.0
23.266157,0.0
23.282835,0.0
23.299514,0.0
23.316192,0.0
23.33287,0.0
23.349548,0.0
23.366227,0.0
23.382905,0.0
23.399583,0.0
23.416261,0.0
23.43294,0.0
23.449618,0.0
23.466296,0.0
23.482974,0.0
23.499653,0.0
23.516331,0.0
23.533009,0.0
23.549687,0.0
23.566366,0.0
23.583044,0.0
23.599722,0.0
23.6164,0.0
23.633079,0.0
23.649757,0.0
23.666435,0.0
23.683113,0.0
23.699792,0.0
23.71647,0.0
23.733148,0.0
23.749826,0.0
23.766505,0.0
23.783183,0.0
23.799861,0.0
23.816539,0.0
23.833218,0.0
23.849896,0.0
23.866574,0.0
23.883252,0.0
23.899931,0.0
23.916609,0.0
23.933287,0.0
23.949965,0.0
23.966644,0.0
23.983322,0.0
24.0,0.0
