0.0,0.0
0.016678,0.0
0.033356,0.0
0.050035,0.0
0.066713,0.0
0.083391,0.0
0.100069,0.0
0.116748,0.0
0.133426,0.0
0.150104,0.0
0.166782,0.0
0.183461,0.0
0.200139,0.0
0.216817,0.0
0.233495,0.0
0.250174,0.0
0.266852,0.0
0.28353,0.0
0.300208,0.0
0.316887,0.0
0.333565,0.0
0.350243,0.0
0.366921,0.0
0.3836,0.0
0.400278,0.0
0.416956,0.0
0.433634,0.0
0.450313,0.0
0.466991,0.0
0.483669,0.0
0.500347,0.0
0.517026,0.0
0.533704,0.0
0.550382,0.0
0.56706,0.0
0.583739,0.0
0.600417,0.0
0.617095,0.0
0.633773,0.0
0.650452,0.0
0.66713,0.0
0.683808,0.0
0.700486,0.0
0.717165,0.0
0.733843,0.0
0.750521,0.0
0.767199,0.0
0.783878,0.0
0.800556,0.0
0.817234,0.0
0.833912,0.0
0.850591,0.0
0.867269,0.0
0.883947,0.0
0.900625,0.0
0.917304,0.0
0.933982,0.0
0.95066,0.0
0.967338,0.0
0.984017,0.0
1.000695,0.0
1.017373,0.0
1.034051,0.0
1.05073,0.0
1.067408,0.0
1.084086,0.0
1.100764,0.0
1.117443,0.0
1.134121,0.0
1.150799,0.0
1.167477,0.0
1.184156,0.0
1.200834,0.0
1.217512,0.0
1.23419,0.0
1.250869,0.0
1.267547,0.0
1.284225,0.0
1.300903,0.0
1.317582,0.0
1.33426,0.0
1.350938,0.0
1.367616,0.0
1.384295,0.0
1.400973,0.0
1.417651,0.0
1.434329,0.0
1.451008,0.0
1.467686,0.0
1.484364,0.0
1.501042,0.0
1.517721,0.0
1.534399,0.0
1.551077,0.0
1.567755,0.0
1.584434,0.0
1.601112,0.0
1.61779,0.0
1.634468,0.0
1.651147,0.0
1.667825,0.0
1.684503,0.0
1.701181,0.0
1.71786,0.0
1.734538,0.0
1.751216,0.0
1.767894,0.0
1.784573,0.0
1.801251,0.0
1.817929,0.0
1.834607,0.0
1.851286,0.0
1.867964,0.0
1.884642,0.0
1.90132,0.0
1.917999,0.0
1.934677,0.0
1.951355,0.0
1.968033,0.0
1.984712,0.0
2.00139,0.0
2.018068,0.0
2.034746,0.0
2.051425,0.0
2.068103,0.0
2.084781,0.0
2.101459,0.0
2.118138,0.0
2.134816,0.0
2.151494,0.0
2.168172,0.0
2.184851,0.0
2.201529,0.0
2.218207,0.0
2.234885,0.0
2.251564,0.0
2.268242,0.0
2.28492,0.0
2.301598,0.0
2.318277,0.0
2.334955,0.0
2.351633,0.0
2.368311,0.0
2.38499,0.0
2.401668,0.0
2.418346,0.0
2.435024,0.0
2.451703,0.0
2.468381,0.0
2.485059,0.0
2.501737,0.0
2.518416,0.0
2.535094,0.0
2.551772,0.0
2.56845,0.0
2.585129,0.0
2.601807,0.0
2.618485,0.0
2.635163,0.0
2.651842,0.0
2.66852,0.0
2.685198,0.0
2.701876,0.0
2.718555,0.0
2.735233,0.0
2.751911,0.0
2.768589,0.0
2.785268,0.0
2.801946,0.0
2.818624,0.0
2.835302,0.0
2.851981,0.0
2.868659,0.0
2.885337,0.0
2.902015,0.0
2.918694,0.0
2.935372,0.0
2.95205,0.0
2.968728,0.0
2.985407,0.0
3.002085,0.0
3.018763,0.0
3.035441,0.0
3.05212,0.0
3.068798,0.0
3.085476,0.0
3.102154,0.0
3.118833,0.0
3.135511,0.0
3.152189,0.0
3.168867,0.0
3.185546,0.0
3.202224,0.0
3.218902,0.0
3.23558,0.0
3.252259,0.0
3.268937,0.0
3.285615,0.0
3.302293,0.0
3.318972,0.0
3.33565,0.0
3.352328,0.0
3.369006,0.0
3.385685,0.0
3.402363,0.0
3.419041,0.0
3.435719,0.0
3.452397,0.0
3.469076,0.0
3.485754,0.0
3.502432,0.0
3.51911,0.0
3.535789,0.0
3.552467,0.0
3.569145,0.0
3.585823,0.0
3.602502,0.0
3.61918,0.0
3.635858,0.0
3.652536,0.0
3.669215,0.0
3.685893,0.0
3.702571,0.0
3.719249,0.0
3.735928,0.0
3.752606,0.0
3.769284,0.0
3.785962,0.0
3.802641,0.0
3.819319,0.0
3.835997,0.0
3.852675,0.0
3.869354,0.0
3.886032,0.0
3.90271,0.0
3.919388,0.0
3.936067,0.0
3.952745,0.0
3.969423,0.0
3.986101,0.0
4.00278,0.0
4.019458,0.0
4.036136,0.0
4.052814,0.0
4.069493,0.0
4.086171,0.0
4.102849,0.0
4.119527,0.0
4.136206,0.0
4.152884,0.0
4.169562,0.0
4.18624,0.0
4.202919,0.0
4.219597,0.0
4.236275,0.0
4.252953,0.0
4.269632,0.0
4.28631,0.0
4.302988,0.0
4.319666,0.0
4.336345,0.0
4.353023,0.0
4.369701,0.0
4.386379,0.0
4.403058,0.0
4.419736,0.0
4.436414,0.0
4.453092,0.0
4.469771,0.0
4.486449,0.0
4.503127,0.0
4.519805,0.0
4.536484,0.0
4.553162,0.0
4.56984,0.0
4.586518,0.0
4.603197,0.0
4.619875,0.0
4.636553,0.0
4.653231,0.0
4.66991,0.0
4.686588,0.0
4.703266,0.0
4.719944,0.0
4.736623,0.0
4.753301,0.0
4.769979,0.0
4.786657,0.0
4.803336,0.0
4.820014,0.0
4.836692,0.0
4.85337,0.0
4.870049,0.0
4.886727,0.0
4.903405,0.0
4.920083,0.0
4.936762,0.0
4.95344,0.0
4.970118,0.0
4.986796,0.0
5.003475,0.0
5.020153,0.0
5.036831,0.0
5.053509,0.0
5.070188,0.0
5.086866,0.0
5.103544,0.0
5.120222,0.0
5.136901,0.0
5.153579,0.0
5.170257,0.0
5.186935,0.0
5.203614,0.0
5.220292,0.0
5.23697,0.0
5.253648,0.0
5.270327,0.0
5.287005,0.0
5.303683,0.0
5.320361,0.0
5.33704,0.0
5.353718,0.0
5.370396,0.0
5.387074,0.0
5.403753,0.0
5.420431,0.0
5.437109,0.0
5.453787,0.0
5.470466,0.0
5.487144,0.0
5.503822,0.0
5.5205,0.0
5.537179,0.0
5.553857,0.0
5.570535,0.0
5.587213,0.0
5.603892,0.0
5.62057,0.0
5.637248,0.0
5.653926,0.0
5.670605,0.0
5.687283,0.0
5.703961,0.0
5.720639,0.0
5.737318,0.0
5.753996,0.0
5.770674,0.0
5.787352,0.0
5.804031,0.0
5.820709,0.0
5.837387,0.0
5.854065,0.0
5.870744,0.0
5.887422,0.0
5.9041,0.0
5.920778,0.0
5.937457,0.0
5.954135,0.0
5.970813,0.0
5.987491,0.0
6.00417,0.0
6.020848,0.0
6.037526,0.0
6.054204,0.0
6.070883,0.0
6.087561,0.0
6.104239,0.0
6.120917,0.0
6.137596,0.0
6.154274,0.0
6.170952,0.0
6.18763,0.0
6.204309,0.0
6.220987,0.0
6.237665,0.0
6.254343,0.0
6.271022,0.0
6.2877,0.0
6.304378,0.0
6.321056,0.0
6.337735,0.0
6.354413,0.0
6.371091,0.0
6.387769,0.0
6.404448,0.0
6.421126,0.0
6.437804,0.0
6.454482,0.0
6.471161,0.0
6.487839,0.0
6.504517,0.0
6.521195,0.0
6.537874,0.0
6.554552,0.0
6.57123,0.0
6.587908,0.0
6.604587,0.0
6.621265,0.0
6.637943,0.0
6.654621,0.0
6.6713,0.0
6.687978,0.0
6.704656,0.0
6.721334,0.0
6.738013,0.0
6.754691,0.0
6.771369,0.0
6.788047,0.0
6.804726,0.0
6.821404,0.0
6.838082,0.0
6.85476,0.0
6.871438,0.0
6.888117,0.0
6.904795,0.0
6.921473,0.0
6.938151,0.0
6.95483,0.0
6.971508,0.0
6.988186,0.0
7.004864,0.0
7.021543,0.0
7.038221,0.0
7.054899,0.0
7.071577,0.0
7.088256,0.0
7.104934,0.00017324145
7.121612,0.0
7.13829,0.0
7.154969,0.00017324145
7.171647,0.00017324145
7.188325,0.00017324145
7.205003,0.00040423005
7.221682,0.00017324145
7.23836,0.00040423005
7.255038,0.00017324145
7.271716,0.00040423005
7.288395,0.00040423005
7.305073,0.00017324145
7.321751,0.00040423005
7.338429,0.00017324145
7.355108,0.00040423005
7.371786,0.00017324145
7.388464,0.00040423005
7.405142,0.00040423005
7.421821,0.00040423005
7.438499,0.00040423005
7.455177,0.0006352186499999999
7.471855,0.0006352186499999999
7.488534,0.00040423005
7.505212,0.0009239544
7.52189,0.0006352186499999999
7.538568,0.0009239544
7.555247,0.0009239544
7.571925,0.001154943
7.588603,0.0009239544
7.605281,0.001154943
7.62196,0.0
7.638638,0.0
7.655316,0.0
7.671994,0.0
7.688673,0.0
7.705351,0.00167466735
7.722029,0.0
7.738707,0.0021943916999999998
7.755386,0.00167466735
7.772064,0.00190565595
7.788742,0.0024253803
7.80542,0.0024253803
7.822099,0.0024253803
7.838777,0.0026563689
7.855455,0.0026563689
7.872133,0.0029451046499999996
7.888812,0.00317609325
7.90549,0.00340708185
7.922168,0.0036958176
7.938846,0.0039268062
7.955525,0.0039268062
7.972203,0.0039268062
7.988881,0.0041577948
8.005559,0.00467751915
8.022238,0.00467751915
8.038916,0.00490850775
8.055594,0.0051972434999999996
8.072272,0.00490850775
8.088951,0.0051972434999999996
8.105629,0.00571696785
8.122307,0.005947956449999999
8.138985,0.00617894505
8.155664,0.00617894505
8.172342,0.0066986694
8.18902,0.0066986694
8.205698,0.006929657999999999
8.222377,0.00721839375
8.239055,0.00768037095
8.255733,0.0079691067
8.272411,0.008200095299999998
8.28909,0.00848883105
8.305768,0.00848883105
8.322446,0.008719819649999998
8.339124,0.0094705326
8.355803,0.0097015212
8.372481,0.0097015212
8.389159,0.01045223415
8.405837,0.01045223415
8.422516,0.0109719585
8.439194,0.01149168285
8.455872,0.01172267145
8.47255,0.0120114072
8.489229,0.012242395799999998
8.505907,0.01276212015
8.522585,0.01299310875
8.539263,0.01322409735
8.555942,0.013743821699999999
8.57262,0.013743821699999999
8.589298,0.01449453465
8.605976,0.01449453465
8.622655,0.015014259
8.639333,0.01576497195
8.656011,0.01599596055
8.672689,0.0162846963
8.689368,0.017035409249999998
8.706046,0.017035409249999998
8.722724,0.017786122199999997
8.739402,0.01853683515
8.756081,0.01876782375
8.772759,0.019518536700000002
8.789437,0.0205579854
8.806115,0.021019962599999997
8.822794,0.021539686949999998
8.839472,0.02257913565
8.85615,0.023560837199999997
8.872828,0.023791825799999996
8.889507,0.024311550149999996
8.906185,0.0250622631
8.922863,0.0261017118
8.939541,0.0263327004
8.95622,0.027314401949999997
8.972898,0.027834126299999998
8.989576,0.028353850649999998
9.006254,0.02881582785
9.022933,0.029624287949999998
9.039611,0.0303750009
9.056289,0.03135670245
9.072967,0.0318764268
9.089646,0.032858128349999995
9.106324,0.03314686409999999
9.123002,0.0336088413
9.13968,0.033897577049999995
9.156359,0.03435955424999999
9.173037,0.034879278599999994
9.189715,0.035399002949999994
9.206393,0.03713141745
9.223072,0.0376511418
9.23975,0.03840185475
9.256428,0.03817086615
9.273106,0.03967229205
9.289785,0.04094272935
9.306463,0.04094272935
9.323141,0.041173717949999994
9.339819,0.04094272935
9.356498,0.03990328065
9.373176,0.03863284335
9.389854,0.03863284335
9.406532,0.03840185475
9.423211,0.040423005
9.439889,0.04521601845
9.456567,0.04648645575
9.473245,0.04821887025
9.489924,0.049720296149999996
9.506602,0.0504710091
9.52328,0.05122172205
9.539958,0.05226117075
9.556637,0.05353160805
9.573315,0.054282320999999994
9.589993,0.055495011149999995
9.606671,0.056014735499999996
9.62335,0.05578374689999999
9.640028,0.056534459849999996
9.656706,0.05826687434999999
9.673384,0.05930632304999999
9.690063,0.0572851728
9.706741,0.060576760349999995
9.723419,0.0632908764
9.740097,0.0643303251
9.756776,0.06658246395
9.773454,0.06883460279999999
9.790132,0.07062476445
9.80681,0.0726459147
9.823489,0.07489805355
9.840167,0.0771501924
9.856845,0.0781896411
9.873523,0.07969106699999999
9.890202,0.08142348149999999
9.90688,0.08142348149999999
9.923558,0.08044177995
9.940236,0.07766991675
9.956915,0.06508103805
9.973593,0.0590175873
9.990271,0.053993585250000004
10.006949,0.053993585250000004
10.023628,0.056014735499999996
10.040306,0.05780489714999999
10.056984,0.0587865987
10.073662,0.0605190132
10.090341,0.06357961214999999
10.107019,0.06710218829999999
10.123697,0.06958531575
10.140375,0.0741473406
10.157054,0.07940233125
10.173732,0.08217419445
10.19041,0.0841953447
10.207088,0.0856967706
10.223767,0.08171221725
10.240445,0.07969106699999999
10.257123,0.07969106699999999
10.273801,0.08598550635
10.290479,0.08875736954999999
10.307158,0.0899700597
10.323836,0.0899700597
10.340514,0.08471506905
10.357192,0.08194320584999999
10.373871,0.07940233125
10.390549,0.07917134264999999
10.407227,0.07969106699999999
10.423905,0.0852347934
10.440584,0.08771792084999999
10.457262,0.0769192038
10.47394,0.07362761624999999
10.490618,0.07212619035000001
10.507297,0.06560076239999998
10.523975,0.06762191265
10.540653,0.07466706494999999
10.557331,0.08194320584999999
10.57401,0.09048978405
10.590688,0.0769192038
10.607366,0.06958531575
10.624044,0.0628288992
10.640723,0.058555610099999995
10.657401,0.057516161399999995
10.674079,0.058555610099999995
10.690757,0.0590175873
10.707436,0.0602880246
10.724114,0.06103873754999999
10.740792,0.06207818624999999
10.75747,0.06357961214999999
10.774149,0.06508103805
10.790827,0.06658246395
10.807505,0.06837262559999999
10.824183,0.07114448879999999
10.840862,0.07362761624999999
10.85754,0.0769192038
10.874218,0.08171221725
10.890896,0.08471506905
10.907575,0.08621649495
10.924253,0.08546578199999999
10.940931,0.08748693225
10.957609,0.0897390711
10.974288,0.08644748355
10.990966,0.08771792084999999
11.007644,0.09453208454999999
11.024322,0.09753493635
11.041001,0.09505180889999999
11.057679,0.09303065865
11.074357,0.0922799457
11.091035,0.1038293757
11.107714,0.10585052595
11.124392,0.11162524095
11.14107,0.11237595389999999
11.157748,0.0995560866
11.174427,0.11139425235
11.191105,0.13125927195
11.207783,0.14534957655
11.224461,0.14887215269999998
11.24114,0.15141302729999997
11.257818,0.1529144532
11.274496,0.15343417755
11.291174,0.1503735786
11.307853,0.1499116014
11.324531,0.14685100245
11.341209,0.14887215269999998
11.357887,0.15389615474999999
11.374566,0.15666801795
11.391244,0.15764971949999998
11.407922,0.15920889255
11.4246,0.1589201568
11.441279,0.16071031845
11.457957,0.1627314687
11.474635,0.16348218165
11.491313,0.16521459615
11.507992,0.16625404485
11.52467,0.16521459615
11.541348,0.16371317024999998
11.558026,0.155917305
11.574705,0.14436787499999998
11.591383,0.13980585015
11.608061,0.14985385425
11.624739,0.14558056514999998
11.641418,0.1392861258
11.658096,0.13380014655
11.674774,0.1373227227
11.691452,0.14407913925
11.708131,0.14962286565
11.724809,0.15112429154999998
11.741487,0.15643702935
11.758165,0.1589201568
11.774844,0.15920889255
11.791522,0.16169202
11.8082,0.16625404485
11.824878,0.1672357464
11.841557,0.1670047578
11.858235,0.16394415885
11.874913,0.16348218165
11.891591,0.1700076096
11.90827,0.17098931115
11.924948,0.17451188729999997
11.941626,0.17503161165
11.958304,0.17480062305
11.974983,0.17526260025
11.991661,0.17578232459999998
12.008339,0.175551336
12.025017,0.17630204894999998
12.041696,0.17728375049999998
12.058374,0.17607106034999997
12.075052,0.17480062305
12.09173,0.17682177329999998
12.108409,0.17526260025
12.125087,0.17728375049999998
12.141765,0.17526260025
12.158443,0.1727794728
12.175122,0.17075832254999998
12.1918,0.17301046139999998
12.208478,0.1715090355
12.225156,0.17301046139999998
12.241835,0.17202875985
12.258513,0.17480062305
12.275191,0.17780347485
12.291869,0.17757248625
12.308548,0.1717400241
12.325226,0.17225974845
12.341904,0.17098931115
12.358582,0.1717400241
12.375261,0.17075832254999998
12.391939,0.17075832254999998
12.408617,0.16948788525
12.425295,0.17023859819999998
12.441974,0.1783231992
12.458652,0.17803446345
12.47533,0.1783231992
12.492008,0.18080632665
12.508687,0.18230775254999998
12.525365,0.18184577535
12.542043,0.17757248625
12.558721,0.18230775254999998
12.5754,0.18507961574999998
12.592078,0.18762049035
12.608756,0.18912191625
12.625434,0.19016136495
12.642113,0.18912191625
12.658791,0.18785147894999998
12.675469,0.18837120329999998
12.692147,0.1881402147
12.708826,0.18889092764999998
12.725504,0.19166279085
12.742182,0.19166279085
12.75886,0.19316421675
12.775539,0.1939149297
12.792217,0.1911430665
12.808895,0.18785147894999998
12.825573,0.18484862715
12.842252,0.17728375049999998
12.85893,0.17653303755
12.875608,0.17578232459999998
12.892286,0.15539758064999998
12.908965,0.15366516615
12.925643,0.1685061837
12.942321,0.16821744795
12.958999,0.16798645934999998
12.975678,0.16371317024999998
12.992356,0.15262571744999998
13.009034,0.1599596055
13.025712,0.15793845525
13.042391,0.15816944384999998
13.059069,0.14610028949999998
13.075747,0.14558056514999998
13.092425,0.14130727604999999
13.109104,0.14708199105
13.125782,0.15216374024999998
13.14246,0.1556863164
13.159138,0.15089330295
13.175817,0.14962286565
13.192495,0.1546468677
13.209173,0.15666801795
13.225851,0.1589201568
13.24253,0.15614829360000002
13.259208,0.15539758064999998
13.275886,0.1556863164
13.292564,0.15141302729999997
13.309243,0.1418270004
13.325921,0.13553256105
13.342599,0.13351141079999998
13.359277,0.13830442425
13.375956,0.13957486154999998
13.392634,0.1430974377
13.409312,0.14511858795
13.42599,0.142057989
13.442669,0.14384815065
13.459347,0.14257771335
13.476025,0.14586930089999997
13.492703,0.14708199105
13.509382,0.14835242834999998
13.52606,0.1533764304
13.542738,0.15666801795
13.559416,0.16094130704999998
13.576095,0.16117229565
13.592773,0.1629624573
13.609451,0.16596530909999999
13.626129,0.16348218165
13.642808,0.16775547074999997
13.659486,0.1644638832
13.676164,0.16348218165
13.692842,0.16371317024999998
13.709521,0.16423289459999998
13.726199,0.16423289459999998
13.742877,0.1644638832
13.759555,0.1644638832
13.776233,0.16071031845
13.792912,0.1574187309
13.80959,0.1574187309
13.826268,0.1574187309
13.842946,0.15816944384999998
13.859625,0.15793845525
13.876303,0.1556863164
13.892981,0.15689900655
13.909659,0.15666801795
13.926338,0.1574187309
13.943016,0.1533764304
13.959694,0.14407913925
13.976372,0.1506045672
13.993051,0.1529144532
14.009729,0.15112429154999998
14.026407,0.1503735786
14.043085,0.14864116409999997
14.059764,0.1430974377
14.076442,0.13807343565
14.09312,0.13703398695000002
14.109798,0.1365142626
14.126477,0.13703398695000002
14.143155,0.13426212375
14.159833,0.1392861258
14.176511,0.14084529885
14.19319,0.14130727604999999
14.209868,0.14003683874999998
14.226546,0.14107628745
14.243224,0.1403255745
14.259903,0.13830442425
14.276581,0.13807343565
14.293259,0.13882414859999997
14.309937,0.13830442425
14.326616,0.1375537113
14.343294,0.13605228539999997
14.359972,0.1345508595
14.37665,0.13328042219999997
14.393329,0.13073954759999998
14.410007,0.12998883465
14.426685,0.1290071331
14.443363,0.1262352699
14.460042,0.1251958212
14.47672,0.12144225645000001
14.493398,0.11716896734999999
14.510076,0.11739995595
14.526755,0.11589853005
14.543433,0.11341540259999999
14.560111,0.11237595389999999
14.576789,0.11035480365
14.593468,0.1023279498
14.610146,0.09701521199999999
14.626824,0.091240497
14.643502,0.09424334879999999
14.660181,0.10180822544999998
14.676859,0.1063702503
14.693537,0.10960409069999999
14.710215,0.10908436634999999
14.726894,0.11185622954999999
14.743572,0.10989282645
14.76025,0.1068322275
14.776928,0.10862238915
14.793607,0.1111055166
14.810285,0.1083336534
14.826963,0.1093731021
14.843641,0.10885337775
14.86032,0.11012381504999999
14.876998,0.11064353939999999
14.893676,0.10989282645
14.910354,0.11064353939999999
14.927033,0.10862238915
14.943711,0.10758294045
14.960389,0.1055617902
14.977067,0.10053778815
14.993746,0.09580252185
15.010424,0.0867362193
15.027102,0.0801530442
15.04378,0.07969106699999999
15.060459,0.07917134264999999
15.077137,0.06958531575
15.093815,0.06658246395
15.110493,0.06733317689999999
15.127172,0.07085575305
15.14385,0.07010504009999999
15.160528,0.07489805355
15.177206,0.08321364315
15.193885,0.08598550635
15.210563,0.0884686338
15.227241,0.0897390711
15.243919,0.09025879545
15.260598,0.0895080825
15.277276,0.0884686338
15.293954,0.08898835814999999
15.310632,0.08748693225
15.327311,0.08719819649999999
15.343989,0.08598550635
15.360667,0.0841953447
15.377345,0.0811924929
15.394024,0.07969106699999999
15.410702,0.07917134264999999
15.42738,0.07790090535
15.444058,0.07362761624999999
15.460737,0.06935432715
15.477415,0.07085575305
15.494093,0.07062476445
15.510771,0.06958531575
15.52745,0.0703360287
15.544128,0.06958531575
15.560806,0.0686036142
15.577484,0.065831751
15.594163,0.06485004945
15.610841,0.0645613137
15.627519,0.06485004945
15.644197,0.0645613137
15.660876,0.06381060075
15.677554,0.06207818624999999
15.694232,0.060057036
15.71091,0.060057036
15.727589,0.06080774894999999
15.744267,0.060057036
15.760945,0.05803588574999999
15.777623,0.05578374689999999
15.794302,0.05474429819999999
15.81098,0.05249215935
15.827658,0.05272314795
15.844336,0.05272314795
15.861015,0.053993585250000004
15.877693,0.05376259665
15.894371,0.0545133096
15.911049,0.0534738609
15.927728,0.049200571799999995
15.944406,0.04948930754999999
15.961084,0.04619772
15.977762,0.04521601845
15.994441,0.04544700705
16.011119,0.0446962941
16.027797,0.0446962941
16.044475,0.04521601845
16.061154,0.044465305499999996
16.077832,0.04417656975
16.09451,0.0449272827
16.111188,0.04417656975
16.127867,0.0431948682
16.144545,0.041693442299999994
16.161223,0.040192016399999995
16.177901,0.0391525677
16.19458,0.03863284335
16.211258,0.03817086615
16.227936,0.0378821304
16.244614,0.03713141745
16.261293,0.03690042885
16.277971,0.03690042885
16.294649,0.03666944025
16.311327,0.0361497159
16.328006,0.03562999155
16.344684,0.035110267199999996
16.361362,0.034879278599999994
16.37804,0.03435955424999999
16.394719,0.0336088413
16.411397,0.03262713974999999
16.428075,0.0321074154
16.444753,0.03158769105
16.461432,0.03008626515
16.47811,0.0293355522
16.494788,0.028065114899999997
16.511466,0.026563689
16.528145,0.02558198745
16.544823,0.024831274499999997
16.561501,0.0233298486
16.578179,0.0222903999
16.594858,0.021019962599999997
16.611536,0.020269249649999998
16.628214,0.019518536700000002
16.644892,0.01853683515
16.661571,0.017786122199999997
16.678249,0.017266397849999997
16.694927,0.016515684899999997
16.711605,0.01599596055
16.728284,0.01576497195
16.744962,0.01576497195
16.76164,0.01553398335
16.778318,0.0152452476
16.794997,0.015014259
16.811675,0.014725523249999999
16.828353,0.014725523249999999
16.845031,0.014725523249999999
16.86171,0.01449453465
16.878388,0.01449453465
16.895066,0.01426354605
16.911744,0.01426354605
16.928423,0.01426354605
16.945101,0.01426354605
16.961779,0.01426354605
16.978457,0.0139748103
16.995136,0.01426354605
17.011814,0.013743821699999999
17.028492,0.013743821699999999
17.04517,0.013743821699999999
17.061849,0.01322409735
17.078527,0.01299310875
17.095205,0.01299310875
17.111883,0.012473384399999999
17.128562,0.012473384399999999
17.14524,0.012242395799999998
17.161918,0.0120114072
17.178596,0.01172267145
17.195274,0.01149168285
17.211953,0.01149168285
17.228631,0.0107409699
17.245309,0.01045223415
17.261987,0.009990256949999998
17.278666,0.009990256949999998
17.295344,0.0097015212
17.312022,0.0094705326
17.3287,0.009239544
17.345379,0.00895080825
17.362057,0.008719819649999998
17.378735,0.008431083899999999
17.395413,0.0079691067
17.412092,0.00768037095
17.42877,0.0074493823499999995
17.445448,0.00721839375
17.462126,0.006929657999999999
17.478805,0.0066986694
17.495483,0.00617894505
17.512161,0.00617894505
17.528839,0.00571696785
17.545518,0.005947956449999999
17.562196,0.0054282320999999994
17.578874,0.0054282320999999994
17.595552,0.00490850775
17.612231,0.00490850775
17.628909,0.00467751915
17.645587,0.00467751915
17.662265,0.004446530549999999
17.678944,0.00467751915
17.695622,0.0041577948
17.7123,0.0039268062
17.728978,0.0039268062
17.745657,0.0036958176
17.762335,0.00340708185
17.779013,0.00340708185
17.795691,0.00317609325
17.81237,0.0029451046499999996
17.829048,0.0026563689
17.845726,0.0026563689
17.862404,0.0024253803
17.879083,0.0021943916999999998
17.895761,0.0024253803
17.912439,0.00190565595
17.929117,0.00167466735
17.945796,0.00167466735
17.962474,0.0
17.979152,0.00167466735
17.99583,0.0
18.012509,0.0
18.029187,0.0
18.045865,0.0
18.062543,0.0
18.079222,0.0
18.0959,0.0
18.112578,0.0
18.129256,0.0
18.145935,0.0
18.162613,0.0
18.179291,0.0
18.195969,0.0
18.212648,0.0
18.229326,0.0
18.246004,0.0
18.262682,0.0
18.279361,0.0
18.296039,0.00017324145
18.312717,0.00040423005
18.329395,0.00040423005
18.346074,0.0
18.362752,0.00040423005
18.37943,0.00017324145
18.396108,0.0
18.412787,0.00017324145
18.429465,0.00040423005
18.446143,0.00017324145
18.462821,0.0
18.4795,0.00017324145
18.496178,0.00040423005
18.512856,0.0
18.529534,0.00017324145
18.546213,0.00017324145
18.562891,0.0
18.579569,0.00017324145
18.596247,0.00017324145
18.612926,0.00017324145
18.629604,0.00017324145
18.646282,0.00017324145
18.66296,0.00040423005
18.679639,0.0
18.696317,0.0
18.712995,0.00017324145
18.729673,0.0
18.746352,0.00017324145
18.76303,0.0
18.779708,0.0
18.796386,0.00017324145
18.813065,0.0
18.829743,0.0
18.846421,0.0
18.863099,0.0
18.879778,0.0
18.896456,0.0
18.913134,0.0
18.929812,0.0
18.946491,0.0
18.963169,0.0
18.979847,0.0
18.996525,0.0
19.013204,0.0
19.029882,0.0
19.04656,0.0
19.063238,0.0
19.079917,0.0
19.096595,0.0
19.113273,0.0
19.129951,0.0
19.14663,0.0
19.163308,0.0
19.179986,0.0
19.196664,0.0
19.213343,0.0
19.230021,0.0
19.246699,0.0
19.263377,0.0
19.280056,0.0
19.296734,0.0
19.313412,0.0
19.33009,0.0
19.346769,0.0
19.363447,0.0
19.380125,0.0
19.396803,0.0
19.413482,0.0
19.43016,0.0
19.446838,0.0
19.463516,0.0
19.480195,0.0
19.496873,0.0
19.513551,0.0
19.530229,0.0
19.546908,0.0
19.563586,0.0
19.580264,0.0
19.596942,0.0
19.613621,0.0
19.630299,0.0
19.646977,0.0
19.663655,0.0
19.680334,0.0
19.697012,0.0
19.71369,0.0
19.730368,0.0
19.747047,0.0
19.763725,0.0
19.780403,0.0
19.797081,0.0
19.81376,0.0
19.830438,0.0
19.847116,0.0
19.863794,0.0
19.880473,0.0
19.897151,0.0
19.913829,0.0
19.930507,0.0
19.947186,0.0
19.963864,0.0
19.980542,0.0
19.99722,0.0
20.013899,0.0
20.030577,0.0
20.047255,0.0
20.063933,0.0
20.080612,0.0
20.09729,0.0
20.113968,0.0
20.130646,0.0
20.147325,0.0
20.164003,0.0
20.180681,0.0
20.197359,0.0
20.214038,0.0
20.230716,0.0
20.247394,0.0
20.264072,0.0
20.280751,0.0
20.297429,0.0
20.314107,0.0
20.330785,0.0
20.347464,0.0
20.364142,0.0
20.38082,0.0
20.397498,0.0
20.414177,0.0
20.430855,0.0
20.447533,0.0
20.464211,0.0
20.48089,0.0
20.497568,0.0
20.514246,0.0
20.530924,0.0
20.547603,0.0
20.564281,0.0
20.580959,0.0
20.597637,0.0
20.614315,0.0
20.630994,0.0
20.647672,0.0
20.66435,0.0
20.681028,0.0
20.697707,0.0
20.714385,0.0
20.731063,0.0
20.747741,0.0
20.76442,0.0
20.781098,0.0
20.797776,0.0
20.814454,0.0
20.831133,0.0
20.847811,0.0
20.864489,0.0
20.881167,0.0
20.897846,0.0
20.914524,0.0
20.931202,0.0
20.94788,0.0
20.964559,0.0
20.981237,0.0
20.997915,0.0
21.014593,0.0
21.031272,0.0
21.04795,0.0
21.064628,0.0
21.081306,0.0
21.097985,0.0
21.114663,0.0
21.131341,0.0
21.148019,0.0
21.164698,0.0
21.181376,0.0
21.198054,0.0
21.214732,0.0
21.231411,0.0
21.248089,0.0
21.264767,0.0
21.281445,0.0
21.298124,0.0
21.314802,0.0
21.33148,0.0
21.348158,0.0
21.364837,0.0
21.381515,0.0
21.398193,0.0
21.414871,0.0
21.43155,0.0
21.448228,0.0
21.464906,0.0
21.481584,0.0
21.498263,0.0
21.514941,0.0
21.531619,0.0
21.548297,0.0
21.564976,0.0
21.581654,0.0
21.598332,0.0
21.61501,0.0
21.631689,0.0
21.648367,0.0
21.665045,0.0
21.681723,0.0
21.698402,0.0
21.71508,0.0
21.731758,0.0
21.748436,0.0
21.765115,0.0
21.781793,0.0
21.798471,0.0
21.815149,0.0
21.831828,0.0
21.848506,0.0
21.865184,0.0
21.881862,0.0
21.898541,0.0
21.915219,0.0
21.931897,0.0
21.948575,0.0
21.965254,0.0
21.981932,0.0
21.99861,0.0
22.015288,0.0
22.031967,0.0
22.048645,0.0
22.065323,0.0
22.082001,0.0
22.09868,0.0
22.115358,0.0
22.132036,0.0
22.148714,0.0
22.165393,0.0
22.182071,0.0
22.198749,0.0
22.215427,0.0
22.232106,0.0
22.248784,0.0
22.265462,0.0
22.28214,0.0
22.298819,0.0
22.315497,0.0
22.332175,0.0
22.348853,0.0
22.365532,0.0
22.38221,0.0
22.398888,0.0
22.415566,0.0
22.432245,0.0
22.448923,0.0
22.465601,0.0
22.482279,0.0
22.498958,0.0
22.515636,0.0
22.532314,0.0
22.548992,0.0
22.565671,0.0
22.582349,0.0
22.599027,0.0
22.615705,0.0
22.632384,0.0
22.649062,0.0
22.66574,0.0
22.682418,0.0
22.699097,0.0
22.715775,0.0
22.732453,0.0
22.749131,0.0
22.76581,0.0
22.782488,0.0
22.799166,0.0
22.815844,0.0
22.832523,0.0
22.849201,0.0
22.865879,0.0
22.882557,0.0
22.899236,0.0
22.915914,0.0
22.932592,0.0
22.94927,0.0
22.965949,0.0
22.982627,0.0
22.999305,0.0
23.015983,0.0
23.032662,0.0
23.04934,0.0
23.066018,0.0
23.082696,0.0
23.099375,0.0
23.116053,0.0
23.132731,0.0
23.149409,0.0
23.166088,0.0
23.182766,0.0
23.199444,0.0
23.216122,0.0
23.232801,0.0
23.249479,0.0
23.266157,0.0
23.282835,0.0
23.299514,0.0
23.316192,0.0
23.33287,0.0
23.349548,0.0
23.366227,0.0
23.382905,0.0
23.399583,0.0
23.416261,0.0
23.43294,0.0
23.449618,0.0
23.466296,0.0
23.482974,0.0
23.499653,0.0
23.516331,0.0
23.533009,0.0
23.549687,0.0
23.566366,0.0
23.583044,0.0
23.599722,0.0
23.6164,0.0
23.633079,0.0
23.649757,0.0
23.666435,0.0
23.683113,0.0
23.699792,0.0
23.71647,0.0
23.733148,0.0
23.749826,0.0
23.766505,0.0
23.783183,0.0
23.799861,0.0
23.816539,0.0
23.833218,0.0
23.849896,0.0
23.866574,0.0
23.883252,0.0
23.899931,0.0
23.916609,0.0
23.933287,0.0
23.949965,0.0
23.966644,0.0
23.983322,0.0
24.0,0.0
